-9053043360956923986
-9053043360956923986
-9005080890316620922
-9005080890316620922
-8965609361969797836
-8815677215684910556
-8782794557162207951
-8782021138861305019
-8776616761508621475
-8748698560254368490
-8748698560254368490
-8741818693953543755
-8738872790658848062
-8738872790658848062
-8719194839714139031
-8710421630020874702
-8710421630020874702
-8659643606837119644
-8626710977183297917
-8626710977183297917
-8536742796987313367
-8427715872758245897
-8427715872758245897
-8371728657365516698
-8371728657365516698
-8357981882057720684
-8320088984663181804
-8275258565680800430
-8275258565680800430
-8246992387418974234
-8246992387418974234
-8147285242709764867
-8131916304164001378
-8131916304164001378
-8041417786730181690
-8041417786730181690
-8002396966984924812
-7947021304166767500
-7934558662429885948
-7901639597777072237
-7901639597777072237
-7883106210816312809
-7883106210816312809
-7844129524398773859
-7796241718763802070
-7796241718763802070
-7778712008151079649
-7778712008151079649
-7769874298266992570
-7769874298266992570
-7728645571893995386
-7728645571893995386
-7710840445432865477
-7710840445432865477
-7700354340953027914
-7700354340953027914
-7686078462137943546
-7686078462137943546
-7685876132259442206
-7685876132259442206
-7684520816353072490
-7684520816353072490
-7679462569390538990
-7679462569390538990
-7664298957708429826
-7664298957708429826
-7649761506289287359
-7645579671731296090
-7645579671731296090
-7566128719987382439
-7523413422473012911
-7519123497667958590
-7519123497667958590
-7456755603612439417
-7456755603612439417
-7433388857840342135
-7384419484822820719
-7381240676301154012
-7235789649459613230
-7235789649459613230
-7184897931005449548
-7173517466750260204
-7163484317252388485
-7163484317252388485
-7140033205615229490
-7140033205615229490
-7104045933536835670
-7104045933536835670
-7091165759723790732
-7060435163845208682
-7060435163845208682
-7021293409206897180
-7020484638391936523
-7016617546887421863
-6993454955162835004
-6989595660124004143
-6948262911825816270
-6948262911825816270
-6911516312451485091
-6850004653852739218
-6850004653852739218
-6836403544565186075
-6815605322348615543
-6800875805875137078
-6800875805875137078
-6788452680061461662
-6788452680061461662
-6776596920136667815
-6773684992915056514
-6773684992915056514
-6767211147901162731
-6731750922523753339
-6702486051151591923
-6672051056186886090
-6672051056186886090
-6658620002685270278
-6658620002685270278
-6512210684513651907
-6504831177384897550
-6504831177384897550
-6404729886766494988
-6379031623332849674
-6379031623332849674
-6263161339199721354
-6263161339199721354
-6240066738497386353
-6240066738497386353
-6035362240637949324
-6000215680008885039
-5995111654419742985
-5995111654419742985
-5960265978125075625
-5960265978125075625
-5950918996822414461
-5950918996822414461
-5854348059646407795
-5835791334144762951
-5832465706836245660
-5790225837517463603
-5649140060101355487
-5445753042514171327
-5421277536109334252
-5360945191153454460
-5353366611674546684
-5338747292225705170
-5338747292225705170
-5265970056905172885
-5265970056905172885
-5258174719621665095
-5245091216372126253
-5245091216372126253
-5229419682932515906
-5229419682932515906
-5219301115999767795
-5202574558739386811
-5166232711706474467
-5124052308091962364
-5088039805774477324
-5044085813324921626
-5044085813324921626
-5035698999246660991
-4965155139408480258
-4965155139408480258
-4941981082581854594
-4941981082581854594
-4896421262869500188
-4889391950743687331
-4760022137076819660
-4714159276360302796
-4706956775896805788
-4685777262589044815
-4677745031258281242
-4677745031258281242
-4610884323068775002
-4610884323068775002
-4607677541634323394
-4607677541634323394
-4591643634462065354
-4591643634462065354
-4511474098600775154
-4511474098600775154
-4502540445158310461
-4502540445158310461
-4482804680984898918
-4482804680984898918
-4448034037457924060
-4369436395329424031
-4356193004580610171
-4355210815010437351
-4341473789675767938
-4341473789675767938
-4298090590351433091
-4262427560122101402
-4262427560122101402
-4175440892799814236
-4168957747095489762
-4168957747095489762
-4160044492331590902
-4160044492331590902
-4123496193709487117
-4123496193709487117
-4110626419294324154
-4110626419294324154
-4065958152082000689
-4065958152082000689
-4001198483492462406
-4001198483492462406
-4000143786672590026
-4000143786672590026
-3973510652083383750
-3973510652083383750
-3967279331214942974
-3967279331214942974
-3923522737127766635
-3902898706430938530
-3902898706430938530
-3899675803526776927
-3898120859381901035
-3842938066129721103
-3839731284695269495
-3793426113580068684
-3766093373400903658
-3766093373400903658
-3759561748833979295
-3690620338150577006
-3690620338150577006
-3617894824729806615
-3597066992651845791
-3576159586875045375
-3545582879861895366
-3545582879861895366
-3510646704603448590
-3510646704603448590
-3496727477581417502
-3496727477581417502
-3400437902937568539
-3394226340030730831
-3334220949193499239
-3329310001342635139
-3313600786231805218
-3313600786231805218
-3310103426272320172
-3260624874669288074
-3260624874669288074
-3252415588692448775
-3189515811666424837
-3189515811666424837
-3159582034143103731
-3131580669599860677
-3131580669599860677
-3118496687505520828
-3071785027756215596
-3043708878047613839
-3017681120318974662
-3017681120318974662
-3007649399067183436
-2916232853418122830
-2916232853418122830
-2894315859783845292
-2865393726900955394
-2865393726900955394
-2841618373414734268
-2838754643240496727
-2779305164730326508
-2710638768054667126
-2710638768054667126
-2680472595576727230
-2680472595576727230
-2614709841466257953
-2614709841466257953
-2601932470953959020
-2562026154045981182
-2562026154045981182
-2522042906662460813
-2522042906662460813
-2431439410545713047
-2430460390289519564
-2398044661767897194
-2398044661767897194
-2384106391250030250
-2384106391250030250
-2380011068538409830
-2380011068538409830
-2369596320986217271
-2353478387948402894
-2353478387948402894
-2338872515629140621
-2338872515629140621
-2327159474574766063
-2305745656352139511
-2303838770817161697
-2303838770817161697
-2303409187674832927
-2273076399707868931
-2255737049300387577
-2255737049300387577
-2244997470742168327
-2224017018728962030
-2224017018728962030
-2170736894837883969
-2170736894837883969
-2106388022762069154
-2106388022762069154
-2087720446399907118
-2087720446399907118
-2080022246165795451
-2000071893336295013
-2000071893336295013
-1986755326041691875
-1983639665607471487
-1955883343915859618
-1955883343915859618
-1951449353215469265
-1951449353215469265
-1918613966474833370
-1918613966474833370
-1883046686700451829
-1883046686700451829
-1755323352301724295
-1749739712050873698
-1749739712050873698
-1748363738790708751
-1660714079745224153
-1660714079745224153
-1655051713136160086
-1655051713136160086
-1608283557346036338
-1608283557346036338
-1589404260833353500
-1559248343752760414
-1559248343752760414
-1553974859653398514
-1553974859653398514
-1536904163270614498
-1536904163270614498
-1535892513878107798
-1535892513878107798
-1529115934346259218
-1529115934346259218
-1503824699533591718
-1503824699533591718
-1486677771568068427
-1447157929891922646
-1447157929891922646
-1432696863450477697
-1432696863450477697
-1428006641123045898
-1428006641123045898
-1420809186707367134
-1420809186707367134
-1404258681841379436
-1389652582365163254
-1389652582365163254
-1367280708913037215
-1355319384027333563
-1334410211237377218
-1334410211237377218
-1300966235476979510
-1300966235476979510
-1199022330883948597
-1199022330883948597
-1192053195625015125
-1192053195625015125
-1170869611929281559
-1166493141367249132
-1072189038230690892
-1067749458445141034
-1067749458445141034
-1053194011381034577
-1053194011381034577
-1051634943924333019
-1043860223199953559
-952004427415363932
-937155452517808963
-889606807491584812
-794702130416676750
-794702130416676750
-784704547425553327
-780579741286187706
-780579741286187706
-779624171876380207
-767946256939053899
-751912349766795859
-723578964945961323
-715231917375009075
-702129340920689718
-702129340920689718
-650483117738489755
-583246570683624566
-583246570683624566
-536094519115345446
-536094519115345446
-520386494190791804
-476821278250006050
-476821278250006050
-476002213707681966
-476002213707681966
-444803403745792406
-444803403745792406
-397351065208338375
-390289870643093853
-390289870643093853
-383722793294966674
-383722793294966674
-351064670460344859
-317880852166670700
-273456141782607443
-260193247095395902
-260193247095395902
-238410639125003025
-238410639125003025
-158940426083335350
-158940426083335350
-143046383475001815
-130096623547697951
-95364255650001210
-95364255650001210
-79470213041667675
-63576170433334140
-47682127825000605
-47682127825000605
-31788085216667070
-31788085216667070
-28609276695000363
-19072851130000242
-19072851130000242
-15894042608333535
-12715234086666828
-9536425565000121
-9536425565000121
-6357617043333414
-6357617043333414
-3178808521666707
2
3
4
5
6
6
9
10
10
15
15
20
25
30
30
45
50
50
75
75
100
125
150
150
225
250
250
375
375
500
625
750
750
1125
1250
1250
1875
1875
2500
3125
3750
3750
5625
6250
6250
9375
9375
12500
15625
18750
18750
28125
31250
31250
46875
46875
62500
78125
93750
93750
140625
156250
156250
234375
234375
312500
390625
468750
468750
703125
781250
781250
1171875
1171875
1562500
1953125
2343750
2343750
3515625
3906250
3906250
5859375
5859375
7812500
9765625
11718750
11718750
17578125
19531250
19531250
29296875
29296875
39062500
48828125
58593750
58593750
87890625
97656250
97656250
146484375
146484375
195312500
244140625
292968750
292968750
439453125
488281250
488281250
732421875
732421875
976562500
1220703125
1464843750
1464843750
2197265625
2441406250
2441406250
3662109375
3662109375
4882812500
6103515625
7324218750
7324218750
10986328125
12207031250
12207031250
18310546875
18310546875
24414062500
30517578125
36621093750
36621093750
54931640625
61035156250
61035156250
91552734375
91552734375
122070312500
152587890625
183105468750
183105468750
274658203125
305175781250
305175781250
457763671875
457763671875
610351562500
762939453125
915527343750
915527343750
1373291015625
1525878906250
1525878906250
2288818359375
2288818359375
3051757812500
3814697265625
4577636718750
4577636718750
6866455078125
7629394531250
7629394531250
11444091796875
11444091796875
15258789062500
19073486328125
22888183593750
22888183593750
34332275390625
38146972656250
38146972656250
57220458984375
57220458984375
76293945312500
95367431640625
114440917968750
114440917968750
171661376953125
190734863281250
190734863281250
286102294921875
286102294921875
381469726562500
476837158203125
572204589843750
572204589843750
858306884765625
953674316406250
953674316406250
1430511474609375
1430511474609375
1907348632812500
2384185791015625
2861022949218750
2861022949218750
4291534423828125
4768371582031250
4768371582031250
7152557373046875
7152557373046875
9536743164062500
11920928955078125
14305114746093750
14305114746093750
21457672119140625
23841857910156250
23841857910156250
35762786865234375
35762786865234375
47683715820312500
59604644775390625
71525573730468750
71525573730468750
107288360595703125
119209289550781250
119209289550781250
178813934326171875
178813934326171875
238418579101562500
298023223876953125
357269950060518541
357627868652343750
357627868652343750
359414837200037393
461409110450322661
536441802978515625
565946139334324741
593987083242308233
596046447753906250
596046447753906250
714539900121037082
714539900121037082
718829674400074786
718829674400074786
881154959385135714
881154959385135714
893510550692308666
893510550692308666
894069671630859375
894069671630859375
939370071275262763
939370071275262763
963106685802464106
963106685802464106
968998492391855492
1008354394281273554
1008354394281273554
1025900813667802212
1071809850181555623
1071809850181555623
1076066561157160807
1076066561157160807
1078244511600112179
1078244511600112179
1192092895507812500
1193322119342955782
1193322119342955782
1215251098516218053
1373258479734924882
1373258479734924882
1429079800242074164
1437659348800149572
1444554559021708921
1475612373555897461
1490116119384765625
1591312328193059822
1591312328193059822
1679169236057339153
1762309918770271428
1775639327742055421
1786349750302592705
1787021101384617332
1788139343261718750
1788139343261718750
1791064955459420617
1797074186000186965
1800194066996375921
1810400412981993917
1878740142550525526
1878740142550525526
1896226942347950756
1926213371604928212
1932789903309468733
1945509846799082517
2016708788562547108
2143619700363111246
2143619700363111246
2152133122314321614
2152133122314321614
2152173588290021882
2152173588290021882
2156489023200224358
2156489023200224358
2184666130247307741
2307045552251613305
2335906585161677777
2499165015377427431
2499165015377427431
2522190547912957733
2643464878155407142
2643464878155407142
2648833902994032961
2680531652076925998
2680531652076925998
2682209014892578125
2711470424593172857
2746516959469849764
2788840725710248231
2788840725710248231
2815461535676025517
2818110213825788289
2818306651739822853
2829730696671623705
2854260636181947476
2889109118043417842
2889109118043417842
2889320057407392318
2889320057407392318
2951224747111794922
2951224747111794922
2969935416211541165
2980232238769531250
2980232238769531250
3010503546735764157
3025063182843820662
3025063182843820662
3057432407913289577
3074991809190667204
3087818934928473636
3147221061130976898
3147221061130976898
3215429550544666869
3221574311616082199
3221574311616082199
3228199683471482421
3234733534800336537
3273344365508751233
3339676066983768573
3358338472114678306
3358338472114678306
3381057891661143617
3399917228763525794
3399917228763525794
3408497078373634436
3533232866484672782
3533232866484672782
3572699500605185410
3572699500605185410
3582129910918841234
3582129910918841234
3594148372000373930
3594148372000373930
3600388133992751842
3600388133992751842
3663329490032370733
3687441529628910299
3687441529628910299
3865579806618937466
3865579806618937466
3891019693598165034
3891019693598165034
3904997717061932759
3904997717061932759
3975164774790325156
4119775439204774646
4119775439204774646
4238652206635880276
4252970857507067981
4304347176580043764
4332434724850843697
4333663677065126763
4333663677065126763
4369332260494615482
4369332260494615482
4405774796925678570
4405774796925678570
4426837120667692383
4426837120667692383
4467552753461543330
4467552753461543330
4470348358154296875
4470348358154296875
4550218250057919076
4696850356376313815
4696850356376313815
4815533429012320530
4815533429012320530
4844992461959277460
4849022756727591563
4849022756727591563
4869838713586628292
4893550233436215986
4893550233436215986
4939122738234620233
4998330030754854862
4998330030754854862
5037507708172017459
5037507708172017459
5041771971406367770
5041771971406367770
5044381095825915466
5044381095825915466
5085742754014375593
5129504068339011060
5202663143489684963
5202663143489684963
5338434887721279523
5338434887721279523
5359049250907778115
5359049250907778115
5373194866378261851
5373194866378261851
5380332805785804035
5380332805785804035
5381111628678239563
5381111628678239563
5391222558000560895
5391222558000560895
5400582200989127763
5400582200989127763
5437081718939756516
5577681451420496462
5577681451420496462
5630923071352051034
5630923071352051034
5636613303479645706
5636613303479645706
5653355434047161063
5653355434047161063
5671349070086357973
5693154454932171467
5693154454932171467
5749240580941867673
5778218236086835684
5798369709928406199
5798369709928406199
5836529540397247551
5836529540397247551
5887346508761332763
5887346508761332763
5902449494223589844
5960464477539062500
5966610596714778910
5966610596714778910
6021007093471528314
6021007093471528314
6076255492581090265
6248869617463549549
6289547020980986381
6294442122261953796
6345451087142525753
6443148623232164398
6443148623232164398
6456520764870065646
6456520764870065646
6526212117459400366
6526212117459400366
6544906080064722694
6544906080064722694
6546688731017502466
6546688731017502466
6553998390741923223
6553998390741923223
6598762468778465261
6679352133967537146
6679352133967537146
6716676944229356612
6740794467150535679
6740794467150535679
6752381495563848511
6752381495563848511
6775161405420025714
6775161405420025714
6799834457527051588
6810946700835721301
6866292398674624410
6866292398674624410
6892409747374678037
6917929875320388307
6917929875320388307
6918015791948854061
6927550219623743131
6927550219623743131
6929698135335386981
6981969696362326349
7081362075170206961
7092158256793725107
7092158256793725107
7138893163307030927
7138893163307030927
7145399001210370820
7164259821837682468
7168058827207613731
7168058827207613731
7188296744000747860
7200776267985503684
7221756719998709981
7222772795108544605
7326658980064741466
7326658980064741466
7374883059257820598
7374883059257820598
7378061867779487305
7450580596923828125
7497495046132282293
7566571643738873199
7566571643738873199
7593059599520131771
7593059599520131771
7621747849187064257
7714531476695288477
7731159613237874932
7765255610145714393
7782039387196330068
7809995434123865518
7809995434123865518
7883135739066412193
7914803959899205846
7914803959899205846
7942358959831785217
7956561640965299110
7956561640965299110
8008141841710016026
8008141841710016026
8033366502585570893
8046632842880574361
8111363527490294793
8245430364896845999
8245430364896845999
8264065053617359123
8264065053617359123
8348502180829338959
8348502180829338959
8366522177130744693
8395846180286695765
8419230258181757639
8419230258181757639
8446384607028076551
8446384607028076551
8454919955219468559
8454919955219468559
8458814069681646199
8458814069681646199
8509368716293252859
8509368716293252859
8512967443501092241
8528545745672194181
8556166931236087199
8556166931236087199
8647787846912325797
8667327354130253526
8667327354130253526
8689497307632205291
8689497307632205291
8738664520989230964
8811549593851357140
8853674241335384766
8853674241335384766
8878196638710277105
8931748751512963525
8935105506923086660
8940696716308593750
8940696716308593750
8955324777297103085
8985370930000934825
9000970334981879605
9031510640207292471
9031510640207292471
9052002064909969585
